43.675
39.755
38.764
41.14
39.822
39.789
39.676
39.592
39.75
39.884
39.934
39.27
39.396
39.883
39.896
39.804
40.036
39.885
40.518
43.878
40.772
43.151
42.552
47.106
44.074
45.398
42.146
41.41
42.225
40.178
45.343
41.704
46.174
39.663
46.06
40.152
43.912
42.281
39.868
43.988
41.957
42.82
41.691
44.935
40.296
40.526
45.516
40.461
47.594
40.232
39.817
39.841
39.252
40.284
38.528
40.27
39.758
39.512
39.958
39.034
40.218
39.498
39.795
39.11
40.058
39.434
41.235
39.511
39.587
40.19
39.068
40.004
39.379
39.542
39.322
39.713
39.687
40.252
42.519
39.609
39.592
39.612
39.53
39.123
40.195
41.707
40.113
40.385
41.071
39.303
40.215
39.083
40.328
39.366
39.88
39.247
39.274
40.179
39.386
39.896
38.406
40.295
40.137
39.618
39.499
38.616
40.096
41.563
40.014
39.591
40.324
38.985
39.907
39.412
39.662
39.68
39.199
40.336
39.344
39.019
39.337
40.368
39.374
40.156
38.871
39.387
40.448
39.397
40.336
39.265
40.088
39.605
40.426
39.766
39.68
39.538
39.249
40.206
39.125
39.96
39.352
42.024
39.366
39.842
39.493
39.78
40.032
39.09
39.93
39.459
40.171
39.144
39.923
39.505
40.19
39.432
39.165
39.968
39.3
39.723
41.787
40.388
39.746
40.044
39.287
39.894
39.388
38.688
39.841
40.417
39.904
38.92
39.926
38.882
39.595
43.155
38.484
38.946
38.259
40.021
39.208
39.039
39.221
38.298
40.215
40.092
39.897
39.069
40.035
38.936
38.328
39.827
39.382
40.412
39.335
40.216
39.239
40.178
40.081
39.054
